   1.0000000e+00   0.0000000e+00   0.0000000e+00
   1.0000000e+00   0.0000000e+00   0.0000000e+00
   1.0000000e+00   0.0000000e+00   0.0000000e+00
   1.0000000e+00   1.6795564e-01   0.0000000e+00
   1.0000000e+00   9.1114442e-01   0.0000000e+00
   1.0000000e+00   1.1429161e+00   0.0000000e+00
   1.0000000e+00   1.1009505e+00   0.0000000e+00
   1.0000000e+00   1.0364582e+00   0.0000000e+00
   1.0000000e+00   1.0083238e+00   0.0000000e+00
   1.0000000e+00   1.0012766e+00   0.0000000e+00
   1.0000000e+00   1.0000732e+00   0.0000000e+00
   1.0000000e+00   6.4450965e-01   0.0000000e+00
   1.0000000e+00  -1.9255304e-02   0.0000000e+00
   1.0000000e+00  -1.4372655e-01   0.0000000e+00
   1.0000000e+00  -8.2288450e-02   0.0000000e+00
   1.0000000e+00  -2.6195143e-02   0.0000000e+00
   1.0000000e+00  -5.4120659e-03   0.0000000e+00
   1.0000000e+00  -7.3764018e-04   0.0000000e+00
   1.0000000e+00   0.0000000e+00   0.0000000e+00
   1.0000000e+00   0.0000000e+00   0.0000000e+00
   1.0000000e+00   0.0000000e+00   3.6785116e-03
   1.0000000e+00   0.0000000e+00   5.6600356e-01
   1.0000000e+00   0.0000000e+00   1.0882361e+00
   1.0000000e+00   0.0000000e+00   1.1344246e+00
   1.0000000e+00   0.0000000e+00   1.0647534e+00
   1.0000000e+00   0.0000000e+00   1.0183266e+00
   1.0000000e+00   0.0000000e+00   1.0034354e+00
   1.0000000e+00   0.0000000e+00   1.0004020e+00
   1.0000000e+00   0.0000000e+00   9.5301753e-01
   1.0000000e+00   0.0000000e+00   2.4144173e-01
   1.0000000e+00   0.0000000e+00  -1.2668948e-01
   1.0000000e+00   0.0000000e+00  -1.1911334e-01
   1.0000000e+00   0.0000000e+00  -4.9327307e-02
   1.0000000e+00   0.0000000e+00  -1.2501663e-02
   1.0000000e+00   0.0000000e+00  -2.1254780e-03
   1.0000000e+00   0.0000000e+00  -1.9669022e-04
   1.0000000e+00   0.0000000e+00   0.0000000e+00
   1.0000000e+00   0.0000000e+00   0.0000000e+00
   1.0000000e+00   0.0000000e+00   0.0000000e+00
   1.0000000e+00   0.0000000e+00   0.0000000e+00
   1.0000000e+00   0.0000000e+00   0.0000000e+00
   1.0000000e+00   0.0000000e+00   0.0000000e+00
   1.0000000e+00   0.0000000e+00   0.0000000e+00
   1.0000000e+00   0.0000000e+00   0.0000000e+00
   1.0000000e+00   0.0000000e+00   0.0000000e+00
   1.0000000e+00   0.0000000e+00   0.0000000e+00
   1.0000000e+00   0.0000000e+00   0.0000000e+00
   1.0000000e+00   0.0000000e+00   0.0000000e+00
   1.0000000e+00   0.0000000e+00   0.0000000e+00
   1.0000000e+00   0.0000000e+00   0.0000000e+00
   1.0000000e+00   0.0000000e+00   0.0000000e+00
   1.0000000e+00   0.0000000e+00   0.0000000e+00
   1.0000000e+00   0.0000000e+00   0.0000000e+00
   1.0000000e+00   0.0000000e+00   0.0000000e+00
   1.0000000e+00   0.0000000e+00   0.0000000e+00
   1.0000000e+00   0.0000000e+00   0.0000000e+00
   1.0000000e+00   0.0000000e+00   0.0000000e+00
   1.0000000e+00   0.0000000e+00   0.0000000e+00
   1.0000000e+00   0.0000000e+00   0.0000000e+00
   1.0000000e+00   0.0000000e+00   0.0000000e+00
   1.0000000e+00   0.0000000e+00   0.0000000e+00
   1.0000000e+00   0.0000000e+00   0.0000000e+00
   1.0000000e+00   0.0000000e+00   0.0000000e+00
   1.0000000e+00   0.0000000e+00   0.0000000e+00
   1.0000000e+00   0.0000000e+00   0.0000000e+00
   1.0000000e+00   0.0000000e+00   0.0000000e+00
   1.0000000e+00   0.0000000e+00   0.0000000e+00
   1.0000000e+00   0.0000000e+00   0.0000000e+00
   1.0000000e+00   0.0000000e+00   0.0000000e+00
   1.0000000e+00   0.0000000e+00   0.0000000e+00
   1.0000000e+00   0.0000000e+00   0.0000000e+00
   1.0000000e+00   0.0000000e+00   0.0000000e+00
   1.0000000e+00   0.0000000e+00   0.0000000e+00
   1.0000000e+00   0.0000000e+00   0.0000000e+00
   1.0000000e+00   0.0000000e+00   0.0000000e+00
   1.0000000e+00   0.0000000e+00   0.0000000e+00
   1.0000000e+00   0.0000000e+00   0.0000000e+00
   1.0000000e+00   0.0000000e+00   0.0000000e+00
   1.0000000e+00   0.0000000e+00   0.0000000e+00
   1.0000000e+00   0.0000000e+00   0.0000000e+00
   1.0000000e+00   0.0000000e+00   0.0000000e+00
   1.0000000e+00   0.0000000e+00   0.0000000e+00
   1.0000000e+00   0.0000000e+00   0.0000000e+00
   1.0000000e+00   0.0000000e+00   0.0000000e+00
   1.0000000e+00   0.0000000e+00   0.0000000e+00
   1.0000000e+00   0.0000000e+00   0.0000000e+00
   1.0000000e+00   0.0000000e+00   0.0000000e+00
   1.0000000e+00   0.0000000e+00   0.0000000e+00
   1.0000000e+00   0.0000000e+00   0.0000000e+00
   1.0000000e+00   0.0000000e+00   0.0000000e+00
   1.0000000e+00   0.0000000e+00   0.0000000e+00
   1.0000000e+00   0.0000000e+00   0.0000000e+00
   1.0000000e+00   0.0000000e+00   0.0000000e+00
   1.0000000e+00   0.0000000e+00   0.0000000e+00
   1.0000000e+00   0.0000000e+00   0.0000000e+00
   1.0000000e+00   0.0000000e+00   0.0000000e+00
   1.0000000e+00   0.0000000e+00   0.0000000e+00
   1.0000000e+00   0.0000000e+00   0.0000000e+00
   1.0000000e+00   0.0000000e+00   0.0000000e+00
   1.0000000e+00   0.0000000e+00   0.0000000e+00
