t1 = 
65
  0
  2
  5
  7
  10
  12
  15
  17
  20
  22
  25
  27
66
  -1
  -3
  -6
  -8
  -11
  -13
  -16
  -18
  -21
  -23
  -26
  -28
67
  1
  3
  6
  8
  11
  13
  16
  18
  21
  23
  26
  28
68
  -2
  -4
  -7
  -9
  -12
  -14
  -17
  -19
  -22
  -24
  -27
  -29
69
  2
  4
  7
  9
  12
  14
  17
  19
  22
  24
  27
  29
t2 = 
  0
  2
  2
  2
  2
  2
  2
  2
  2
  2
  2
  2
  2
  -1
  -2
  -2
  -2
  -2
  -2
  -2
  -2
  -2
  -2
  -2
  -2
  -2
  1
  2
  2
  2
  2
  2
  2
  2
  2
  2
  2
  2
  2
  -2
  -2
  -2
  -2
  -2
  -2
  -2
  -2
  -2
  -2
  -2
  -2
  -2
  2
  2
  2
  2
  2
  2
  2
  2
  2
  2
  2
  2
  2
t3 = 
  0
  -1
  1
  -2
  2
t4 = 
  2
  -2
  2
  -2
  2
