t1 = 
  -8
  -4
  0
  4
  8
  12
  16
  20
  24
  28
  32
  36
  40
  44
  48
  52
  56
  60
  -7
  -3
  1
  5
  9
  13
  17
  21
  25
  29
  33
  37
  41
  45
  49
  53
  57
  61
  -6
  -2
  2
  6
  10
  14
  18
  22
  26
  30
  34
  38
  42
  46
  50
  54
  58
  62
  -5
  -1
  3
  7
  11
  15
  19
  23
  27
  31
  35
  39
  43
  47
  51
  55
  59
  63
t2 = 
  -8
  4
  4
  4
  4
  4
  4
  4
  4
  4
  4
  4
  4
  4
  4
  4
  4
  4
  -7
  4
  4
  4
  4
  4
  4
  4
  4
  4
  4
  4
  4
  4
  4
  4
  4
  4
  -6
  4
  4
  4
  4
  4
  4
  4
  4
  4
  4
  4
  4
  4
  4
  4
  4
  4
  -5
  4
  4
  4
  4
  4
  4
  4
  4
  4
  4
  4
  4
  4
  4
  4
  4
  4
t3 = 
  -2
  -1
  0
  1
t4 = 
  4
  4
  4
  4
