t1 = 
65
  0
  4
  8
  12
  16
  20
  24
  28
66
  -1
  -5
  -9
  -13
  -17
  -21
  -25
  -29
67
  1
  5
  9
  13
  17
  21
  25
  29
68
  -2
  -6
  -10
  -14
  -18
  -22
  -26
  -30
69
  2
  6
  10
  14
  18
  22
  26
  30
70
  -3
  -7
  -11
  -15
  -19
  -23
  -27
  -31
71
  3
  7
  11
  15
  19
  23
  27
  31
72
  -4
  -8
  -12
  -16
  -20
  -24
  -28
  -32
t2 = 
  0
  4
  4
  4
  4
  4
  4
  4
  -1
  -4
  -4
  -4
  -4
  -4
  -4
  -4
  1
  4
  4
  4
  4
  4
  4
  4
  -2
  -4
  -4
  -4
  -4
  -4
  -4
  -4
  2
  4
  4
  4
  4
  4
  4
  4
  -3
  -4
  -4
  -4
  -4
  -4
  -4
  -4
  3
  4
  4
  4
  4
  4
  4
  4
  -4
  -4
  -4
  -4
  -4
  -4
  -4
  -4
t3 = 
  0
  -1
  1
  -2
  2
  -3
  3
  -4
t4 = 
  4
  -4
  4
  -4
  4
  -4
  4
  -4
