t1 = 
  -48
  -44
  -40
  -36
  -32
  -28
  -24
  -20
  -16
  -12
  -8
  -4
  0
  4
  8
  12
  16
  20
  24
  28
  32
  36
  40
  44
  -47
  -43
  -39
  -35
  -31
  -27
  -23
  -19
  -15
  -11
  -7
  -3
  1
  5
  9
  13
  17
  21
  25
  29
  33
  37
  41
  45
  -46
  -42
  -38
  -34
  -30
  -26
  -22
  -18
  -14
  -10
  -6
  -2
  2
  6
  10
  14
  18
  22
  26
  30
  34
  38
  42
  46
  -45
  -41
  -37
  -33
  -29
  -25
  -21
  -17
  -13
  -9
  -5
  -1
  3
  7
  11
  15
  19
  23
  27
  31
  35
  39
  43
  47
t2 = 
  -48
  4
  4
  4
  4
  4
  4
  4
  4
  4
  4
  4
  4
  4
  4
  4
  4
  4
  4
  4
  4
  4
  4
  4
  -47
  4
  4
  4
  4
  4
  4
  4
  4
  4
  4
  4
  4
  4
  4
  4
  4
  4
  4
  4
  4
  4
  4
  4
  -46
  4
  4
  4
  4
  4
  4
  4
  4
  4
  4
  4
  4
  4
  4
  4
  4
  4
  4
  4
  4
  4
  4
  4
  -45
  4
  4
  4
  4
  4
  4
  4
  4
  4
  4
  4
  4
  4
  4
  4
  4
  4
  4
  4
  4
  4
  4
  4
t3 = 
  -2
  -1
  0
  1
t4 = 
  4
  4
  4
  4
